
Cluster 0
--------------
37224
10814

Cluster 1
--------------
34088
18773
8208
94372
64258
63703
29209
84035
58445
34563
7674
82993
64392
42633
57602
6040
24307
81816
17526
56029
1806
26095
45127
34047
29773
65815
24634
50362
276
52954
20326
97612
13052
52235
91796
63064
73462
28672
27031
96099
82238
39299
93456
85492
37237
26246
20856
71389
38031
98797
32054
70919
27312
88042
93192
81563
32088
9776
91911
14181
4629
7780
98170
42269
97218
82886
68578
37438
78796
28919
42074
55996
83394
3458
3733
39117
34958
41729
69893
91426
35014
82212
85232
33838
25551
70005
46042
73624
29047
83741
91194
61242
57481
63634
25878
8304
54203
15813
40084
23760
93168
25196
46495
10701
57644
36257
38181
49624
94652
73183
72058
41719
47023
23812
53272
50018
43878
39939
81697
81859
57370
62186
23319
42296
38472
22711
38846
42202
17622
94719
83227
19267
56394
46975
