
Cluster 0
--------------
47023
46495
23812
41729
91911
82212
15813
85232
3458
32088
29047
53272
97218
69893
50018
68578
55996
93456
33838
43878
39939
81697
17622
81859
57370
22711
46042
78796
9776
83741
62186
28919
56394
37224
40084
82886
23319
42296
93168
42269
38472
83227
83394
10701
93192
98170
85492
38846
91426
27031
46975
25551
91194
37237
25196
61242
42074
70005
35014
19267
57644
14181
57481
54203
36257
4629
26246
37438
98797
81563
38181
63634
23760
49624
39117
94652
7780
73624
3733
73183
42202
32054
70919
94719
10814
25878
27312
88042
8304
72058
34958

Cluster 1
--------------
97612
20856
13052
82993
64392
42633
96099
82238
71389
57602
58445
6040
52235
34563
7674
91796
63064
24307
63703
8208
81816
34088
17526
29209
94372
73462
28672
18773
56029
1806
26095
64258
84035
45127
34047
29773
65815
24634
50362
276
39299
38031
52954
20326

Cluster 2
--------------
41719
